r,c0,c1,c2,c3,c4,c5,c6,c7
0,0.35355339059327373+0j,0.35355339059327373+0j,0.35355339059327373+0j,0.35355339059327373+0j,0.35355339059327373+0j,0.35355339059327373+0j,0.35355339059327373+0j,0.35355339059327373+0j
1,0.35355339059327373+0j,0.25-0.24999999999999994j,0-0.35355339059327373j,-0.24999999999999994-0.25j,-0.35355339059327373+0j,-0.25000000000000006+0.24999999999999994j,0+0.35355339059327373j,0.24999999999999992+0.25000000000000006j
2,0.35355339059327373+0j,0-0.35355339059327373j,-0.35355339059327373+0j,0+0.35355339059327373j,0.35355339059327373+0j,0-0.35355339059327373j,-0.35355339059327373+0j,0+0.35355339059327373j
3,0.35355339059327373+0j,-0.24999999999999994-0.25j,0+0.35355339059327373j,0.25000000000000006-0.24999999999999992j,-0.35355339059327373+0j,0.24999999999999964+0.25000000000000033j,0-0.35355339059327373j,-0.24999999999999992+0.25000000000000006j
4,0.35355339059327373+0j,-0.35355339059327373+0j,0.35355339059327373+0j,-0.35355339059327373+0j,0.35355339059327373+0j,-0.35355339059327373+0j,0.35355339059327373+0j,-0.35355339059327373+0j
5,0.35355339059327373+0j,-0.25000000000000006+0.24999999999999994j,0-0.35355339059327373j,0.24999999999999964+0.25000000000000033j,-0.35355339059327373+0j,0.24999999999999994-0.25j,0+0.35355339059327373j,-0.24999999999999947-0.25000000000000044j
6,0.35355339059327373+0j,0+0.35355339059327373j,-0.35355339059327373+0j,0-0.35355339059327373j,0.35355339059327373+0j,0+0.35355339059327373j,-0.35355339059327373+0j,0-0.35355339059327373j
7,0.35355339059327373+0j,0.24999999999999992+0.25000000000000006j,0+0.35355339059327373j,-0.24999999999999992+0.25000000000000006j,-0.35355339059327373+0j,-0.24999999999999947-0.25000000000000044j,0-0.35355339059327373j,0.250000000000001-0.24999999999999895j
